% /*
%  * @Descripttion: 
%  * @version: 
%  * @Author: Ke Wang
%  * @Date: 2024-07-06 09:15:22
%  * @LastEditors: Ke Wang
%  * @LastEditTime: 2024-07-06 16:58:39
%  */
model.pipe = [																																																																																																																																																																																																														
	% from_node	to_node	length(m)	diameter(m)	roughness	conductivity	Mmin	Mmax																																																																																																																																																																																																						
	69	2	5328	1.2	4.00E-04	2.08776	0	5000																																																																																																																																																																																																						
	2	3	5650	0.5	4.00E-04	2.08917	0	5000																																																																																																																																																																																																						
	2	4	7664	1.1	4.00E-04	2.08788	0	5000																																																																																																																																																																																																						
	4	5	1461	0.4	4.00E-04	2.08884	0	5000																																																																																																																																																																																																						
	4	6	1099	0.7	4.00E-04	2.0884	0	5000																																																																																																																																																																																																						
	4	7	910	1.1	0.0004	2.08797	0	5000																																																																																																																																																																																																						
	7	8	705	1.1	0.0004	2.08799	0	5000																																																																																																																																																																																																						
	8	9	973	1.1	0.0004	2.08801	0	5000																																																																																																																																																																																																						
	9	10	618	1.1	0.0004	2.08839	0	5000																																																																																																																																																																																																						
	10	11	1739	0.6	0.0004	2.08982	0	5000																																																																																																																																																																																																						
	9	12	1793	1.1	0.0004	2.08804	0	5000																																																																																																																																																																																																						
	12	13	405	0.35	0.0004	2.08817	0	5000																																																																																																																																																																																																						
	12	14	312	1.1	0.0004	2.08809	0	5000																																																																																																																																																																																																						
	14	15	350	1.1	0.0004	2.08808	0	5000																																																																																																																																																																																																						
	15	16	922	1.1	0.0004	2.08812	0	5000																																																																																																																																																																																																						
	16	17	737.5	0.8	0.0004	2.08817	0	5000																																																																																																																																																																																																						
	17	18	423.26	0.6	0.0004	2.08821	0	5000																																																																																																																																																																																																						
	18	19	315	0.6	0.0004	2.08824	0	5000																																																																																																																																																																																																						
	19	20	600	0.45	0.0004	2.08828	0	5000																																																																																																																																																																																																						
	20	21	231	0.6	0.0004	2.08832	0	5000																																																																																																																																																																																																						
	21	22	169	0.6	0.0004	2.08835	0	5000																																																																																																																																																																																																						
	22	23	64	0.6	0.0004	2.08836	0	5000																																																																																																																																																																																																						
	23	24	100	0.6	0.0004	2.08839	0	5000																																																																																																																																																																																																						
	24	25	125	0.6	0.0004	2.08841	0	5000																																																																																																																																																																																																						
	25	26	166	0.6	0.0004	2.08852	0	5000																																																																																																																																																																																																						
	26	27	532	0.25	0.0004	2.08895	0	5000																																																																																																																																																																																																						
	26	28	967	0.6	0.0004	2.08814	0	5000																																																																																																																																																																																																						
	55	49	354	0.5	0.0004	2.08703	0	5000																																																																																																																																																																																																						
	53	54	134.5	0.45	0.0004	2.10099	0	5000																																																																																																																																																																																																						
	51	53	281	1.1	0.0004	2.10097	0	5000																																																																																																																																																																																																						
	51	52	491	0.5	0.0004	2.10112	0	5000																																																																																																																																																																																																						
