% /*
%  * @Descripttion: 
%  * @version: 
%  * @Author: Ke Wang
%  * @Date: 2024-07-06 09:15:22
%  * @LastEditors: Ke Wang
%  * @LastEditTime: 2024-07-06 16:58:39
%  */
model.pipe = [																																																																																																																																																																																																														
	69	2	5328	1.2	0.0004	2.08776
	2	3	5650	0.2	0.0004	2.08917
	2	4	7664	1.1	0.0004	2.08788
	4	5	1461	0.2	0.0004	2.08884
	4	6	1099	0.3	0.0004	2.0884
	4	7	910	1.1	0.0004	2.08797
	7	8	705	1.1	0.0004	2.08799
	8	9	973	1.1	0.0004	2.08801
	9	10	618	0.5	0.0004	2.08839
	10	11	1739	0.5	0.0004	2.08982
	9	12	1793	0.8	0.0004	2.08804
	12	13	405	0.15	0.0004	2.08817
	12	14	312	1.1	0.0004	2.08809
	14	15	350	1.1	0.0004	2.08808
	15	16	922	1.1	0.0004	2.08812
	16	17	737.5	0.8	0.0004	2.08817
	17	18	423.26	1	0.0004	2.08821
	18	19	315	1	0.0004	2.08824
	19	20	600	0.8	0.0004	2.08828
	20	21	231	0.8	0.0004	2.08832
	21	22	169	0.8	0.0004	2.08835
	22	23	64	0.8	0.0004	2.08836
	23	24	100	0.8	0.0004	2.08839
	24	25	125	0.8	0.0004	2.08841
	25	26	166	0.8	0.0004	2.08852
	26	27	532	0.2	0.0004	2.08895
	26	28	967	0.8	0.0004	2.08814
	55	49	354	0.8	0.0004	2.08703
	53	54	134.5	0.8	0.0004	2.10099
	51	53	281	1.2	0.0004	2.10097
	51	52	491	0.4	0.0004	2.10112
	50	51	296.8	1.2	0.0004	2.10098
	49	50	520	1.2	0.0004	2.101
	45	49	334	1.2	0.0004	2.10102
	44	45	109	1.2	0.0004	2.10103
	45	47	145	0.1	0.0004	2.10116
	43	44	373	1	0.0004	2.10105
	45	46	225.14	0.2	0.0004	2.10123
	45	48	813.2	0.1	0.0004	2.10251
	41	43	46.2	1	0.0004	2.10106
	41	42	204	0.2	0.0004	2.10115
	38	41	228.45	1	0.0004	2.10107
	38	39	115	0.2	0.0004	2.10113
	38	40	92	0.2	0.0004	2.1011
	36	38	388	1	0.0004	2.10109
	68	36	175	1	0.0004	2.10112
	67	66	281.2	0.6	0.0004	2.1012
	66	65	314.33	0.6	0.0004	2.10121
	65	64	72	0.6	0.0004	2.10121
	64	63	575	0.6	0.0004	2.10123
	63	62	244	0.6	0.0004	2.10125
	62	60	94	0.6	0.0004	2.10126
	60	61	250	0.2	0.0004	2.10128
	60	59	76	0.6	0.0004	2.10127
	37	62	909.38	0.2	0.0004	2.1013
	1	37	536	0.2	0.0004	2.10137
	28	1	51	0.2	0.0004	2.1014
	28	29	85	0.2	0.0004	2.10141
	28	30	97	0.2	0.0004	2.10161
	31	32	244.1	0.6	0.0004	2.10144
	32	33	144	0.2	0.0004	2.10158
	32	34	332	0.6	0.0004	2.10155
	34	35	413.5	0.6	0.0004	2.10174
	59	58	253	0.8	0.0004	2.10131
	58	57	90	0.8	0.0004	2.10137
	57	56	143.3	0.8	0.0004	2.10146
	56	55	197.5	0.8	0.0004	2.10175
	28	31	36	0.6	0.0004	2.10254
	35	36	36.5	0.7	0.0004	2.0881																																																																																																																																																																																																	
];

% node 类型1是负荷节点、类型2是非平衡热源节点、类型0是平衡热源节点																																																																																																																																																																																																													
model.node = [																																																																																																																																																																																																														
	% node	load(kJ)	Tsmin	Tsmax	Trmin	Trmax	Prmin	Prmax type																																																																																																																																																																																																					
	1	1 	0	100	0	100	-Inf	Inf	1																																																																																																																																																																																																					
	2	1	0	100	0	100	-Inf	Inf 1																																																																																																																																																																																																						
	3	1	0	100	0	100	-Inf	Inf 1																																																																																																																																																																																																						
	4	1	0	100	0	100	-Inf	Inf 1																																																																																																																																																																																																					
	5	1	0	100	0	100	-Inf	Inf 1																																																																																																																																																																																																						
	6	1	0	100	0	100	-Inf	Inf 1 																																																																																																																																																																																																						
	7	1	0	100	0	100	-Inf	Inf 1																																																																																																																																																																																																						
	8	1	0	100	0	100	-Inf	Inf 1																																																																																																																																																																																																						
	9	1	0	100	0	100	-Inf	Inf 1																																																																																																																																																																																																						
	10	1	0	100	0	100	-Inf	Inf 1																																																																																																																																																																																																						
	11	1	0	100	0	100	-Inf	Inf 1																																																																																																																																																																																																						
	12	1	0	100	0	100	-Inf	Inf 1																																																																																																																																																																																																						
	13	1	0	100	0	100	-Inf	Inf 1																																																																																																																																																																																																						
	14	1	0	100	0	100	-Inf	Inf 1																																																																																																																																																																																																						
	15	1	0	100	0	100	-Inf	Inf 1																																																																																																																																																																																																						
	16	1	0	100	0	100	-Inf	Inf 1																																																																																																																																																																																																						
	17	1	0	100	0	100	-Inf	Inf 1																																																																																																																																																																																																						
	18	1	0	100	0	100	-Inf	Inf 1																																																																																																																																																																																																						
	19	1	0	100	0	100	-Inf	Inf 1																																																																																																																																																																																																						
	20	1	0	100	0	100	-Inf	Inf 1																																																																																																																																																																																																						
