function model = model225
%%-----  Topo Data  -----%%																																																																																																																																																																																																														
% pipe	
model.pipe = [
    % from_node	to_node	length(m)	diameter(m)	roughness	conductivity m
    1	224	2	1000	0.5	0.0005	2.5	337.5
    2	2	3	1000	0.5	0.0005	2.5	312.5
    3	3	4	1000	0.5	0.0005	2.5	300
    4	4	5	200	0.2	0.0005	2.5	25
    5	4	6	1000	0.5	0.0005	2.5	275
    6	6	7	1000	0.5	0.0005	2.5	262.5
    7	7	8	200	0.2	0.0005	2.5	62.5
    8	8	9	200	0.2	0.0005	2.5	50
    9	9	10	200	0.2	0.0005	2.5	37.5
    10	10	11	200	0.2	0.0005	2.5	25
    11	7	12	1000	0.5	0.0005	2.5	200
    12	12	13	200	0.2	0.0005	2.5	50
    13	13	14	200	0.2	0.0005	2.5	37.5
    14	14	15	200	0.2	0.0005	2.5	25
    15	12	16	1000	0.5	0.0005	2.5	150
    16	16	17	200	0.2	0.0005	2.5	75
    17	17	18	200	0.2	0.0005	2.5	62.5
    18	18	19	200	0.2	0.0005	2.5	25
    19	18	20	200	0.2	0.0005	2.5	37.5
    20	20	21	200	0.2	0.0005	2.5	25
    21	16	22	1000	0.2	0.0005	2.5	75
    22	22	23	200	0.2	0.0005	2.5	62.5
    23	23	24	200	0.2	0.0005	2.5	25
    24	23	25	200	0.2	0.0005	2.5	37.5
    25	25	26	200	0.2	0.0005	2.5	25
    26	2	27	200	0.2	0.0005	2.5	25
    27	28	27	200	0.2	0.0005	2.5	25
    28	29	28	200	0.2	0.0005	2.5	37.5
    29	30	29	200	0.2	0.0005	2.5	50
    30	31	30	200	0.3	0.0005	2.5	125
    31	30	32	200	0.2	0.0005	2.5	75
    32	32	33	200	0.2	0.0005	2.5	62.5
    33	33	34	200	0.2	0.0005	2.5	25
    34	33	35	200	0.2	0.0005	2.5	37.5
    35	35	36	200	0.2	0.0005	2.5	25
    36	37	31	200	0.5	0.0005	2.5	137.5
    37	37	38	200	0.2	0.0005	2.5	37.5
    38	38	39	200	0.2	0.0005	2.5	25
    39	40	37	1000	0.5	0.0005	2.5	175
    40	41	40	1000	0.5	0.0005	2.5	187.5
    41	41	42	200	0.2	0.0005	2.5	25
    42	43	41	1000	0.5	0.0005	2.5	212.5
    43	43	44	200	0.2	0.0005	2.5	75
    44	44	45	200	0.2	0.0005	2.5	62.5
    45	45	46	200	0.2	0.0005	2.5	25
    46	45	47	200	0.2	0.0005	2.5	37.5
    47	47	48	200	0.2	0.0005	2.5	25
    48	49	43	1000	0.5	0.0005	2.5	287.5
    49	49	50	200	0.2	0.0005	2.5	37.5
    50	50	51	200	0.2	0.0005	2.5	25
    51	52	49	1000	0.5	0.0005	2.5	325
    52	52	54	200	0.3	0.0005	2.5	87.5
    53	54	55	200	0.2	0.0005	2.5	75
    54	55	56	200	0.2	0.0005	2.5	62.5
    55	56	57	200	0.2	0.0005	2.5	25
    56	56	58	200	0.2	0.0005	2.5	37.5
    57	58	59	200	0.2	0.0005	2.5	25
    58	53	52	1000	0.5	0.0005	2.5	412.5
    59	60	53	1000	0.5	0.0005	2.5	425
    60	61	60	1000	0.5	0.0005	2.5	437.5
    61	62	61	1000	0.5	0.0005	2.5	450
    62	63	62	1000	0.5	0.0005	2.5	462.5
    63	64	63	1000	0.5	0.0005	2.5	475
    64	27	65	200	0.2	0.0005	2.5	50
    65	65	66	200	0.3	0.0005	2.5	100
    66	66	67	200	0.3	0.0005	2.5	75
    67	67	68	200	0.3	0.0005	2.5	50
    68	1	65	200	0.2	0.0005	2.5	50
    69	1	69	1000	0.6	0.0005	2.5	525
    70	69	70	1000	0.6	0.0005	2.5	512.5
    71	70	71	200	0.2	0.0005	2.5	50
    72	71	72	200	0.2	0.0005	2.5	37.5
    73	72	73	200	0.2	0.0005	2.5	25
    74	70	74	1000	0.5	0.0005	2.5	462.5
    75	74	75	1000	0.5	0.0005	2.5	450
    76	75	76	1000	0.5	0.0005	2.5	437.5
    77	76	77	200	0.2	0.0005	2.5	62.5
    78	77	78	200	0.2	0.0005	2.5	50
    79	78	79	200	0.2	0.0005	2.5	25
    80	78	80	200	0.2	0.0005	2.5	25
    81	76	81	1000	0.5	0.0005	2.5	375
    82	81	82	200	0.2	0.0005	2.5	25
    83	81	83	1000	0.5	0.0005	2.5	350
    84	83	84	200	0.2	0.0005	2.5	75
    85	84	85	200	0.2	0.0005	2.5	62.5
    86	85	86	200	0.2	0.0005	2.5	25
    87	85	87	200	0.2	0.0005	2.5	37.5
    88	87	88	200	0.2	0.0005	2.5	25
    89	83	111	1000	0.5	0.0005	2.5	275
    90	111	89	1000	0.5	0.0005	2.5	262.5
    91	89	90	200	0.2	0.0005	2.5	50
    92	90	91	200	0.2	0.0005	2.5	37.5
    93	91	92	200	0.2	0.0005	2.5	25
    94	89	93	1000	0.5	0.0005	2.5	212.5
    95	93	94	200	0.2	0.0005	2.5	50
    96	94	95	200	0.2	0.0005	2.5	37.5
    97	95	96	200	0.2	0.0005	2.5	25
    98	93	97	1000	0.5	0.0005	2.5	162.5
    99	97	98	200	0.2	0.0005	2.5	25
    100	97	99	1000	0.5	0.0005	2.5	137.5
    101	99	100	200	0.2	0.0005	2.5	50
    102	100	101	200	0.2	0.0005	2.5	37.5
    103	101	102	200	0.2	0.0005	2.5	25
    104	99	103	1000	0.3	0.0005	2.5	87.5
    105	103	104	1000	0.2	0.0005	2.5	75
    106	104	105	200	0.2	0.0005	2.5	62.5
    107	105	106	200	0.2	0.0005	2.5	50
    108	106	107	200	0.2	0.0005	2.5	37.5
    109	107	108	200	0.2	0.0005	2.5	25
    110	109	1	1000	1	0.0005	2.5	575
    111	109	110	200	0.2	0.0005	2.5	25
    112	3	112	200	0.1	0.0005	2.5	12.5
    113	5	113	200	0.1	0.0005	2.5	12.5
    114	5	114	200	0.1	0.0005	2.5	12.5
    115	6	115	200	0.1	0.0005	2.5	12.5
    116	8	116	200	0.1	0.0005	2.5	12.5
    117	9	117	200	0.1	0.0005	2.5	12.5
    118	11	118	200	0.1	0.0005	2.5	12.5
    119	11	119	200	0.1	0.0005	2.5	12.5
    120	10	120	200	0.1	0.0005	2.5	12.5
    121	13	121	200	0.1	0.0005	2.5	12.5
    122	14	122	200	0.1	0.0005	2.5	12.5
    123	15	123	200	0.1	0.0005	2.5	12.5
    124	15	124	200	0.1	0.0005	2.5	12.5
    125	17	125	200	0.1	0.0005	2.5	12.5
    126	19	126	200	0.1	0.0005	2.5	12.5
    127	19	127	200	0.1	0.0005	2.5	12.5
    128	20	128	200	0.1	0.0005	2.5	12.5
    129	21	129	200	0.1	0.0005	2.5	12.5
    130	21	130	200	0.1	0.0005	2.5	12.5
    131	22	131	200	0.1	0.0005	2.5	12.5
    132	24	132	200	0.1	0.0005	2.5	12.5
    133	24	133	200	0.1	0.0005	2.5	12.5
    134	25	134	200	0.1	0.0005	2.5	12.5
    135	26	135	200	0.1	0.0005	2.5	12.5
    136	26	136	200	0.1	0.0005	2.5	12.5
    137	28	137	200	0.1	0.0005	2.5	12.5
    138	29	138	200	0.1	0.0005	2.5	12.5
    139	31	139	200	0.1	0.0005	2.5	12.5
    140	32	140	200	0.1	0.0005	2.5	12.5
    141	34	141	200	0.1	0.0005	2.5	12.5
    142	34	142	200	0.1	0.0005	2.5	12.5
    143	35	143	200	0.1	0.0005	2.5	12.5
    144	36	144	200	0.1	0.0005	2.5	12.5
    145	36	145	200	0.1	0.0005	2.5	12.5
    146	38	146	200	0.1	0.0005	2.5	12.5
    147	39	147	200	0.1	0.0005	2.5	12.5
    148	39	148	200	0.1	0.0005	2.5	12.5
    149	40	149	200	0.1	0.0005	2.5	12.5
    150	42	150	200	0.1	0.0005	2.5	12.5
    151	42	151	200	0.1	0.0005	2.5	12.5
    152	44	152	200	0.1	0.0005	2.5	12.5
    153	46	153	200	0.1	0.0005	2.5	12.5
    154	46	154	200	0.1	0.0005	2.5	12.5
    155	47	155	200	0.1	0.0005	2.5	12.5
    156	48	156	200	0.1	0.0005	2.5	12.5
    157	48	157	200	0.1	0.0005	2.5	12.5
    158	50	158	200	0.1	0.0005	2.5	12.5
    159	51	159	200	0.1	0.0005	2.5	12.5
    160	51	160	200	0.1	0.0005	2.5	12.5
    161	53	161	200	0.1	0.0005	2.5	12.5
    162	54	162	200	0.1	0.0005	2.5	12.5
    163	55	163	200	0.1	0.0005	2.5	12.5
    164	57	164	200	0.1	0.0005	2.5	12.5
    165	57	165	200	0.1	0.0005	2.5	12.5
    166	58	166	200	0.1	0.0005	2.5	12.5
    167	59	167	200	0.1	0.0005	2.5	12.5
    168	59	168	200	0.1	0.0005	2.5	12.5
    169	60	169	200	0.1	0.0005	2.5	12.5
    170	61	170	200	0.1	0.0005	2.5	12.5
    171	62	171	200	0.1	0.0005	2.5	12.5
    172	63	172	200	0.1	0.0005	2.5	12.5
    173	64	173	200	0.1	0.0005	2.5	12.5
    174	64	174	200	0.1	0.0005	2.5	12.5
    175	66	175	200	0.2	0.0005	2.5	25
    176	67	176	200	0.2	0.0005	2.5	25
    177	68	177	200	0.2	0.0005	2.5	25
    178	68	178	200	0.2	0.0005	2.5	25
    179	69	179	200	0.1	0.0005	2.5	12.5
    180	71	180	200	0.1	0.0005	2.5	12.5
    181	73	181	200	0.1	0.0005	2.5	12.5
    182	73	182	200	0.1	0.0005	2.5	12.5
    183	72	183	200	0.1	0.0005	2.5	12.5
    184	74	184	200	0.1	0.0005	2.5	12.5
    185	75	185	200	0.1	0.0005	2.5	12.5
    186	77	186	200	0.1	0.0005	2.5	12.5
    187	79	187	200	0.1	0.0005	2.5	12.5
    188	79	188	200	0.1	0.0005	2.5	12.5
    189	80	189	200	0.1	0.0005	2.5	12.5
    190	80	190	200	0.1	0.0005	2.5	12.5
    191	82	191	200	0.1	0.0005	2.5	12.5
    192	82	192	200	0.1	0.0005	2.5	12.5
    193	111	193	200	0.1	0.0005	2.5	12.5
    194	84	194	200	0.1	0.0005	2.5	12.5
    195	86	195	200	0.1	0.0005	2.5	12.5
    196	86	196	200	0.1	0.0005	2.5	12.5
    197	87	197	200	0.1	0.0005	2.5	12.5
    198	88	198	200	0.1	0.0005	2.5	12.5
    199	88	199	200	0.1	0.0005	2.5	12.5
    200	90	200	200	0.1	0.0005	2.5	12.5
    201	91	201	200	0.1	0.0005	2.5	12.5
    202	92	202	200	0.1	0.0005	2.5	12.5
    203	92	203	200	0.1	0.0005	2.5	12.5
