function model = model51
%%-----  Topo Data  -----%%																																																																																																																																																																																																														
% pipe	
model.pipe = [
    % from_node	to_node	length(m)	diameter(m)	roughness	conductivity m
    1	51	1	800	0.45	0.0005	1	260
    2	1	25	500	0.1	0.0005	1	10
    3	1	2	500	0.6	0.0005	1	250
    4	2	26	500	0.1	0.0005	1	10
    5	2	3	900	0.6	0.0005	1	240
    6	3	27	500	0.1	0.0005	1	10
    7	3	4	700	0.3	0.0005	1	70
    8	4	28	500	0.1	0.0005	1	10
    9	4	5	600	0.3	0.0005	1	60
    10	5	29	500	0.1	0.0005	1	10
    11	5	6	600	0.2	0.0005	1	50
    12	6	30	500	0.1	0.0005	1	10
    13	6	7	700	0.2	0.0005	1	40
    14	7	31	500	0.1	0.0005	1	10
    15	7	8	600	0.2	0.0005	1	30
    16	8	9	500	0.15	0.0005	1	20
    17	9	33	500	0.1	0.0005	1	10
    18	9	34	600	0.1	0.0005	1	10
    19	8	32	700	0.1	0.0005	1	10
    20	3	10	800	0.5	0.0005	1	160
    21	10	35	400	0.1	0.0005	1	10
    22	10	11	500	0.5	0.0005	1	150
    23	11	36	400	0.1	0.0005	1	10
    24	11	12	500	0.5	0.0005	1	140
    25	12	37	400	0.1	0.0005	1	10
    26	12	13	800	0.4	0.0005	1	130
    27	13	38	400	0.1	0.0005	1	10
    28	13	14	600	0.4	0.0005	1	120
    29	14	15	700	0.3	0.0005	1	90
    30	15	39	500	0.1	0.0005	1	10
    31	15	16	600	0.3	0.0005	1	80
    32	16	40	500	0.1	0.0005	1	10
    33	16	17	700	0.3	0.0005	1	70
    34	17	18	500	0.2	0.0005	1	30
    35	18	41	300	0.1	0.0005	1	10
    36	18	19	500	0.15	0.0005	1	20
    37	19	42	300	0.1	0.0005	1	10
    38	19	43	400	0.1	0.0005	1	10
    39	17	20	1200	0.2	0.0005	1	40
    40	20	21	600	0.2	0.0005	1	20
    41	21	44	300	0.1	0.0005	1	10
    42	21	45	500	0.1	0.0005	1	10
    43	20	22	600	0.2	0.0005	1	20
    44	22	46	400	0.1	0.0005	1	10
    45	22	47	600	0.1	0.0005	1	10
    46	14	23	500	0.2	0.0005	1	30
    47	23	48	400	0.1	0.0005	1	10
    48	23	24	600	0.2	0.0005	1	20
    49	24	49	400	0.1	0.0005	1	10
    50	24	50	700	0.1	0.0005	1	10

    ];

% node																																																																																																																																																																																																														
model.node = [																																																																																																																																																																																																														
	% node load(MW) Ts Tr type																																																																																																																																																																																																						
    1	1.6	80	40	1	0
    2	1.6	80	40	1	0
    3	1.6	80	40	1	0
    4	1.6	80	40	1	0
    5	1.6	80	40	1	0
    6	1.6	80	40	1	0
    7	1.6	80	40	1	0
    8	1.6	80	40	1	0
    9	1.6	80	40	1	0
    10	1.6	80	40	1	0
    11	1.6	80	40	1	0
    12	1.6	80	40	1	0
    13	1.6	80	40	1	0
    14	1.6	80	40	1	0
    15	1.6	80	40	1	0
    16	1.6	80	40	1	0
    17	1.6	80	40	1	0
    18	1.6	80	40	1	0
    19	1.6	80	40	1	0
    20	1.6	80	40	1	0
    21	1.6	80	40	1	0
    22	1.6	80	40	1	0
    23	1.6	80	40	1	0
    24	1.6	80	40	1	0
    25	1.6	80	40	1	10
    26	1.6	80	40	1	10
    27	1.6	80	40	1	10
    28	1.6	80	40	1	10
    29	1.6	80	40	1	10
    30	1.6	80	40	1	10
    31	1.6	80	40	1	10
    32	1.6	80	40	1	10
    33	1.6	80	40	1	10
    34	1.6	80	40	1	10
    35	1.6	80	40	1	10
    36	1.6	80	40	1	10
    37	1.6	80	40	1	10
    38	1.6	80	40	1	10
    39	1.6	80	40	1	10
    40	1.6	80	40	1	10
    41	1.6	80	40	1	10
    42	1.6	80	40	1	10
    43	1.6	80	40	1	10
    44	1.6	80	40	1	10
    45	1.6	80	40	1	10
    46	1.6	80	40	1	10
    47	1.6	80	40	1	10
    48	1.6	80	40	1	10
    49	1.6	80	40	1	10
    50	1.6	80	40	1	10
    51	0	80	40	0	-260

    ];

    %%-----  System Data  -----%%																																																																																																																																																																																																														
																																																																																																																																																																																																														
    model.water_c = 4.2e3; % (J*kg^(-1)*K^(-1))																																																																																																																																																																																																														
    model.water_dens = 958.4; % Density of water (kg/m^3) at 100 degrees C																																																																																																																																																																																																														
    model.Pbase	=	1e6;	%	base	
    model.g = 9.81; % Gravitational acceleration
    model.viscosity=.294e-6; % temp is 100deg,unit:m2/s kinematic viscosity
